{
  "height": 496,
  "width": 960,
  "x": 29.600000381469727,
  "y": 9501.92499923706
}