{
  "height": 496,
  "width": 960,
  "x": 29.600000381469727,
  "y": 9468.325000017881
}