{
  "height": 52,
  "width": 120,
  "x": 557.6000366210938,
  "y": 652.3000106811523
}